start,end,mid,size,startsize,length_size,auto,halfmin,connected
12:38:14,12:39:54,12:39:04,5944,5894,100,0,1,1
12:39:55,12:40:12,12:40:03,6003,5995,17,1,1,1
12:40:13,12:40:19,12:40:16,6016,6013,6,0,1,1
12:40:20,12:40:45,12:40:32,6032,6020,25,1,1,1
12:40:46,12:40:53,12:40:49,6049,6046,7,0,1,1
12:40:54,12:41:28,12:41:11,6071,6054,34,1,1,1
12:41:29,12:41:30,12:41:29,6089,6089,1,0,1,1
12:41:31,12:43:41,12:42:36,6156,6091,130,1,1,1
12:43:42,12:44:14,12:43:58,6238,6222,32,0,1,1
12:44:15,12:44:32,12:44:23,6263,6255,17,1,1,1
12:44:33,12:44:48,12:44:40,6280,6273,15,0,1,1
12:44:49,12:45:06,12:44:57,6297,6289,17,1,1,1
12:45:07,12:45:13,12:45:10,6310,6307,6,0,1,1
12:45:14,12:46:05,12:45:39,6339,6314,51,1,1,1
12:46:06,12:46:19,12:46:12,6372,6366,13,0,1,1
12:46:20,12:46:55,12:46:37,6397,6380,35,1,1,1
12:46:56,12:47:10,12:47:03,6423,6416,14,0,1,1
12:47:11,12:47:45,12:47:28,6448,6431,34,1,1,1
12:47:46,12:48:01,12:47:53,6473,6466,15,0,1,1
12:48:02,12:48:10,12:48:06,6486,6482,8,1,1,1
12:48:11,12:48:17,12:48:14,6494,6491,6,0,1,1
12:48:18,12:49:01,12:48:39,6519,6498,43,1,1,1
12:49:02,12:49:16,12:49:09,6549,6542,14,0,1,1
12:49:17,12:49:26,12:49:21,6561,6557,9,1,1,1
12:49:27,12:49:32,12:49:29,6569,6567,5,0,1,1
12:49:33,12:50:33,12:50:03,6603,6573,60,1,1,1
12:50:34,12:50:40,12:50:37,6637,6634,6,0,1,1
12:50:41,12:50:50,12:50:45,6645,6641,9,1,1,1
12:50:51,12:50:57,12:50:54,6654,6651,6,0,1,1
12:50:58,12:51:31,12:51:14,6674,6658,33,1,1,1
12:51:32,12:51:47,12:51:39,6699,6692,15,0,1,1
12:51:48,12:53:21,12:52:34,6754,6708,93,1,1,1
12:53:22,12:53:37,12:53:29,6809,6802,15,0,1,1
12:53:38,12:53:43,12:53:40,6820,6818,5,1,1,1
12:53:44,12:54:10,12:53:57,6837,6824,26,0,1,1
12:54:11,12:54:45,12:54:28,6868,6851,34,1,1,1
12:54:46,12:54:51,12:54:48,6888,6886,5,0,1,1
12:54:52,12:59:13,12:57:02,7022,6892,261,1,1,1
12:59:14,12:59:20,12:59:17,7157,7154,6,0,1,1
12:59:21,13:02:18,13:00:49,7249,7161,177,1,1,1
13:02:19,13:02:25,13:02:22,7342,7339,6,0,1,1
13:02:26,13:02:43,13:02:34,7354,7346,17,1,1,1
13:02:44,13:03:49,13:03:16,7396,7364,65,0,1,1
13:03:50,13:04:48,13:04:19,7459,7430,58,1,1,1
13:04:49,13:04:56,13:04:52,7492,7489,7,0,1,1
13:04:57,13:05:31,13:05:14,7514,7497,34,1,1,1
13:05:32,13:05:38,13:05:35,7535,7532,6,0,1,1
13:05:39,13:05:47,13:05:43,7543,7539,8,1,1,1
13:05:46,13:05:55,13:05:50,7550,7546,9,0,1,1
13:05:56,13:06:04,13:06:00,7560,7556,8,1,1,1
13:06:05,13:06:11,13:06:08,7568,7565,6,0,1,1
13:06:12,13:06:29,13:06:20,7580,7572,17,1,1,1
13:06:30,13:07:19,13:06:54,7614,7590,49,0,1,1
13:07:20,13:08:10,13:07:45,7665,7640,50,1,1,1
13:08:11,13:08:17,13:08:14,7694,7691,6,0,1,1
13:08:18,13:08:44,13:08:31,7711,7698,26,1,1,1
13:09:00,13:09:26,13:09:13,7753,7740,26,1,1,0
13:09:34,13:09:42,13:09:38,7778,7774,8,1,0,0
13:10:14,13:10:40,13:10:27,7827,7814,26,0,1,2
13:10:41,13:11:23,13:11:02,7862,7841,42,1,1,2
13:11:24,13:12:04,13:11:44,7904,7884,40,0,1,2
13:12:05,13:12:55,13:12:30,7950,7925,50,1,1,2
13:12:56,13:13:28,13:13:12,7992,7976,32,0,1,2
13:13:29,13:13:37,13:13:33,8013,8009,8,1,1,2
13:13:38,13:14:01,13:13:49,8029,8018,23,0,1,2
13:14:02,13:14:11,13:14:06,8046,8042,9,1,1,2
13:14:12,13:14:18,13:14:15,8055,8052,6,0,1,2
13:14:19,13:14:27,13:14:23,8063,8059,8,1,1,2
13:14:28,13:14:35,13:14:31,8071,8068,7,0,1,2
13:14:36,13:14:44,13:14:40,8080,8076,8,1,1,2
13:14:45,13:14:52,13:14:48,8088,8085,7,0,1,2
13:14:53,13:15:01,13:14:57,8097,8093,8,1,1,2
13:15:02,13:15:25,13:15:13,8113,8102,23,0,1,2
13:15:26,13:15:35,13:15:30,8130,8126,9,1,1,2
13:15:36,13:15:42,13:15:39,8139,8136,6,0,1,2
13:15:43,13:16:25,13:16:04,8164,8143,42,1,1,2
13:16:26,13:16:32,13:16:29,8189,8186,6,0,1,2
13:16:33,13:16:41,13:16:37,8197,8193,8,1,1,2
13:16:42,13:16:49,13:16:45,8205,8202,7,0,1,2
13:16:50,13:16:58,13:16:54,8214,8210,8,1,1,2
13:16:59,13:17:14,13:17:06,8226,8219,15,0,1,2
13:17:15,13:17:32,13:17:23,8243,8235,17,1,1,2
13:17:33,13:17:40,13:17:36,8256,8253,7,0,1,2
13:17:41,13:18:31,13:18:06,8286,8261,50,1,1,2
13:18:32,13:19:38,13:19:05,8345,8312,66,0,1,2
13:18:39,13:18:47,13:18:43,8323,8319,8,1,1,2
13:18:48,13:19:37,13:19:12,8352,8328,49,0,1,2
13:19:38,13:20:36,13:20:07,8407,8378,58,1,1,2
13:20:37,13:20:44,13:20:40,8440,8437,7,0,1,2
13:20:45,13:20:53,13:20:49,8449,8445,8,1,1,2
13:20:54,13:21:09,13:21:01,8461,8454,15,0,1,2
13:21:10,13:21:18,13:21:14,8474,8470,8,1,1,2
13:21:19,13:21:26,13:21:22,8482,8479,7,0,1,2
13:21:27,13:21:35,13:21:31,8491,8487,8,1,1,2
13:21:36,13:22:41,13:22:08,8528,8496,65,0,1,2
13:22:42,13:23:25,13:23:03,8583,8562,43,1,1,2
13:23:26,13:23:40,13:23:33,8613,8606,14,0,1,2
13:23:41,13:23:58,13:23:49,8629,8621,17,1,1,2
13:23:59,13:24:05,13:24:02,8642,8639,6,0,1,2
13:24:06,13:24:15,13:24:10,8650,8646,9,1,1,2
13:24:16,13:24:22,13:24:19,8659,8656,6,0,1,2
13:24:23,13:24:57,13:24:40,8680,8663,34,1,1,2
13:24:57,13:27:20,13:26:08,8768,8697,143,0,1,2
13:36:40,13:39:40,13:38:10,9490,9400,180,0,1,0
13:54:06,13:59:43,13:56:54,10614,10446,337,0,1,0
14:01:21,14:02:07,14:01:44,10904,10881,46,0,1,0
14:15:34,14:15:42,14:15:38,11738,11734,8,1,0,0
14:15:50,14:18:21,14:17:05,11825,11750,151,1,1,0
14:18:38,14:21:10,14:19:54,11994,11918,152,1,1,0
14:21:18,14:22:08,14:21:43,12103,12078,50,1,1,0
14:22:17,14:22:50,14:22:33,12153,12137,33,1,1,0
14:22:59,14:23:15,14:23:07,12187,12179,16,1,0,0
14:23:23,14:23:57,14:23:40,12220,12203,34,1,1,0
14:24:14,14:24:31,14:24:22,12262,12254,17,1,0,0
14:24:39,14:24:56,14:24:47,12287,12279,17,1,0,0
14:25:04,14:25:21,14:25:12,12312,12304,17,1,0,0
14:26:03,14:26:20,14:26:11,12371,12363,17,1,0,0
14:27:44,14:27:52,14:27:48,12468,12464,8,1,0,0
14:28:34,14:28:43,14:28:38,12518,12514,9,1,0,0
14:34:51,14:35:00,14:34:55,12895,12891,9,1,0,0
14:38:21,14:38:29,14:38:25,13105,13101,8,1,0,0